Air: 3.6
Con: 10-200

for ppm = a*ratio^b:

Gas    | a       | b
Aceton | 2.824   | -0.2955
Toluen | 2.9897  | -0.2909
Alcohol| 3.8776  | -0.3144
CO2    | 5.2146  | -0.3574
NH4    | 6.4416  | -0.3994
CO     | 5.0533  | -0.2541

for ppm = 10^[(log10(ratio)-b)/m]:

Gas    | m       | b
Aceton | -0.2955 | 0.4509 
Toluen | -0.2909 | 0.4756 
Alcohol| -0.3144 | 0.5886 
CO2    | -0.3574 | 0.7172 
NH4    | -0.3994 | 0.809  
CO     | -0.2541 | 0.7036 

Aceton
10,1.43
100,0.74
200,0.59

[(10,1.43), (100,0.74), (200,0.59)]

Toluen
10,1.53
100,0.79
200,0.64

[(10,1.53), (100,0.79), (200,0.64)]

Alcohol
10,1.88
100,0.92
200,0.733

[(10,1.88), (100,0.92), (200,0.733)]

CO2
10,2.29
100,1
200,0.785

[(10,2.29), (100,1), (200,0.785)]

NH4
10,2.57
100,1
200,0.8

[(10,2.57), (100,1), (200,0.8)]

CO
10,2.82
100,1.53
200,1.35

[(10,2.82), (100,1.53), (200,1.35)]
