Air: [(1.2,1), (3.45,1)]
Con: 1.2-3.45

for ppm = a*ratio^b:

Gas    | a       | b
Hydrogen| 1.7955  | -0.3767
Ethanol| 1.5196  | -0.367 
IsoButane| 1.9209  | -0.3443

for ppm = 10^[(log10(ratio)-b)/m]:

Gas    | m       | b
Hydrogen| -0.3767 | 0.2542 
Ethanol| -0.367  | 0.1817 
IsoButane| -0.3443 | 0.2835 

Hydrogen
10,0.75
30,0.51
100,0.31
300,0.21
1000,0.13
3000,0.087
10000,0.058

[(10,0.75), (30,0.51), (100,0.31), (300,0.21), (1000,0.13), (3000,0.087), (10000,0.058)]

Ethanol
10,0.66
30,0.43
100,0.25
300,0.27
1000,0.1
3000,0.062
10000,0.036

[(10,0.66), (30,0.42), (100,0.25), (300,0.27), (1000,0.1), (3000,0.062), (10000,0.036)]

Butane
100,0.39
300,0.28
1000,0.17
3000,0.12
10000,0.0834

[(100,0.39), (300,0.28), (1000,0.17), (3000,0.12), (10000,0.0834)]


